[[0.034948595, 0.040167898, 0.049287833, 0.060264844, 0.06363783, 0.060322996, 0.053926252, 0.048020627, 0.042809539, 0.036866143, 0.031868201, 0.025587685, 0.020256156, 0.014974476, 0.012023021, 0.0091920672, 0.007218122, 0.006729628, 0.0066915569, 0.0066944505], 
  [0.032171782, 0.036832716, 0.044985246, 0.054500692, 0.057121832, 0.053833019, 0.047939099, 0.042705335, 0.038142171, 0.033043172, 0.028495129, 0.022839505, 0.017990343, 0.013261765, 0.010515064, 0.0080140829, 0.006263243, 0.0059249322, 0.0059269024, 0.0059625874], 
  [0.025671821, 0.028981363, 0.034314487, 0.040423613, 0.041386206, 0.038468812, 0.033331998, 0.029059699, 0.025855007, 0.022507139, 0.019558772, 0.015989531, 0.012640835, 0.009312476, 0.0073426431, 0.0057156305, 0.004613738, 0.0045248205, 0.0046631577, 0.0047527021], 
  [0.018340645, 0.019145466, 0.020036787, 0.021785565, 0.021126729, 0.01942339, 0.016998135, 0.014885102, 0.012933706, 0.011163902, 0.0097512491, 0.0083481595, 0.0069272304, 0.0053239795, 0.0041546458, 0.0031628362, 0.0024434661, 0.002273167, 0.0024052639, 0.0024460624], 
  [0.012254065, 0.012416145, 0.011917744, 0.011516012, 0.009823109, 0.0081744986, 0.0061526466, 0.0047626547, 0.0040435842, 0.0036397793, 0.0033518451, 0.0032000276, 0.0026937444, 0.0020637454, 0.0015338496, 0.0012947964, 0.0011533364, 0.0014234209, 0.0017036065, 0.0018095411], 
  [0.0080418317, 0.0078511331, 0.0070375586, 0.0060091126, 0.0042756442, 0.0028970465, 0.0017898914, 0.0011745261, 0.0010149111, 0.0010947678, 0.0010545943, 0.0010826506, 0.00090692524, 0.00066774822, 0.0003785193, 0.00030930171, 0.00030094257, 0.00072298845, 0.00099324971, 0.0010637695], 
  [0.0065303915, 0.006097836, 0.0049700351, 0.0039956174, 0.0025219596, 0.0015833895, 0.0010852201, 0.00067528576, 0.00050194678, 0.00042750291, 0.00042722269, 0.00048754737, 0.00049853825, 0.00042583636, 0.00031713664, 0.00023817638, 0.00017954537, 0.00048245845, 0.00065384543, 0.00069060567], 
  [0.005758876, 0.005194779, 0.0040736059, 0.0032226963, 0.0019462581, 0.0011744136, 0.00097745284, 0.00066741003, 0.00048623775, 0.00031435461, 0.00026166724, 0.00028229237, 0.00031099631, 0.00030626077, 0.00027947023, 0.00019241672, 6.4330408e-05, 0.0002174782, 0.00026882056, 0.00029156765], 
  [0.0051351427, 0.0046751988, 0.0039617191, 0.0033583536, 0.0023749776, 0.001635243, 0.0014692482, 0.0011459023, 0.00094968855, 0.0006723869, 0.00047970051, 0.000360968, 0.0003519117, 0.00032897864, 0.00032379891, 0.00022075023, 4.2018801e-05, 4.1881925e-05, 0, 7.3021511e-08], 
  [0.0048556654, 0.0046368246, 0.0045574307, 0.0045395354, 0.0042975941, 0.0038734309, 0.0039420705, 0.0042887158, 0.0052174362, 0.0056298031, 0.0056745559, 0.0048672939, 0.0035246985, 0.0022330433, 0.0015800614, 0.0010867831, 0.00068386114, 0.00047822762, 0.00024823769, 0.00016944524], 
  [0.0053116679, 0.0054032961, 0.0059059779, 0.0066457773, 0.0080215111, 0.020407496, 0.079041548, 0.1793302, 0.32260394, 0.39374945, 0.3809143, 0.28321716, 0.15948413, 0.044666853, 0.014726774, 0.0077190162, 0.0049257758, 0.0029586765, 0.0017218117, 0.0013887109], 
  [0.0065549477, 0.0066711698, 0.007710421, 0.0089378664, 0.012011392, 0.03199219, 0.12012371, 0.26867673, 0.47848734, 0.58209771, 0.56214941, 0.41851538, 0.23730291, 0.069384485, 0.024646411, 0.013409792, 0.0084665082, 0.0052071596, 0.0033340428, 0.0028361895], 
  [0.0084386636, 0.0084591061, 0.0095815808, 0.011264157, 0.015665736, 0.039905634, 0.14174983, 0.31133652, 0.54945803, 0.66697067, 0.6442253, 0.48135912, 0.27632177, 0.085635491, 0.033759426, 0.019578312, 0.012904326, 0.0082217669, 0.0058554178, 0.0053526568], 
  [0.010715752, 0.010753655, 0.011736093, 0.01371249, 0.01937121, 0.044440567, 0.13935401, 0.29308015, 0.50784332, 0.61636615, 0.60288423, 0.4649047, 0.28532305, 0.11160606, 0.056635797, 0.033710744, 0.020631583, 0.013595883, 0.010408185, 0.0098425169], 
  [0.015650209, 0.015236731, 0.015688758, 0.017418405, 0.023709347, 0.046792176, 0.12292802, 0.24394599, 0.41705275, 0.52637076, 0.55763394, 0.48916018, 0.3619858, 0.21016097, 0.12663823, 0.066792011, 0.03255694, 0.019999314, 0.01501288, 0.013678562], 
  [0.02369933, 0.023601046, 0.02431779, 0.025768291, 0.030682748, 0.042627875, 0.066363871, 0.10146741, 0.15801606, 0.24181385, 0.35099968, 0.47009143, 0.54685062, 0.52928483, 0.42670122, 0.28182021, 0.14153185, 0.052919108, 0.022113582, 0.017994119], 
  [0.039653979, 0.043411132, 0.050640889, 0.055880137, 0.05773174, 0.062013019, 0.078529693, 0.11412711, 0.18181163, 0.28890452, 0.4345828, 0.6113323, 0.76503354, 0.80179507, 0.69796437, 0.50424755, 0.28228632, 0.1099494, 0.034060985, 0.022442032], 
  [0.056912437, 0.0670752, 0.08625032, 0.098221146, 0.096929654, 0.089466289, 0.091148473, 0.11749061, 0.18126881, 0.28759053, 0.43513301, 0.62740928, 0.81546938, 0.88707322, 0.79811805, 0.59745979, 0.34652922, 0.13767052, 0.040776435, 0.025267258], 
  [0.074261814, 0.090648092, 0.12142372, 0.14015898, 0.13482122, 0.1133277, 0.096301936, 0.10708283, 0.15604663, 0.24329686, 0.36845714, 0.54934841, 0.76849377, 0.90139359, 0.86392182, 0.68936074, 0.4298372, 0.17978519, 0.048927311, 0.02672738], 
  [0.079654664, 0.098509774, 0.13322507, 0.15403084, 0.14674668, 0.1196958, 0.094503619, 0.096025057, 0.13118191, 0.20455509, 0.32167476, 0.52827561, 0.80855805, 0.99999994, 0.98950917, 0.80753309, 0.50413883, 0.20489472, 0.052765515, 0.028244309]]