[[0.032440059, 0.03667137, 0.03596615, 0.032440059, 0.06629055, 0.13751763, 0.23413259, 0.27715093, 0.27785614, 0.15232722, 0.076868832, 0.02609309, 0.019746121, 0.013399154, 0.0070521864, 0.0049365303, 0.006346968, 0.0035260932, 0.0049365303, 0.00070521864], 
  [0.0049365303, 0.028913964, 0.043723557, 0.049365304, 0.032440059, 0.030324401, 0.058533147, 0.12693936, 0.18265162, 0.20874472, 0.11777151, 0.062764458, 0.057122711, 0.040902682, 0.028208746, 0.013399154, 0.014809592, 0.013399154, 0.0035260932, 0.0014104373], 
  [0.0042313118, 0.018335685, 0.029619183, 0.035260931, 0.023977434, 0.028208746, 0.016925247, 0.029619183, 0.016220029, 0.013399154, 0.023977434, 0.012693936, 0.0035260932, 0.0098730605, 0.0049365303, 0.0028208746, 0.0035260932, 0.0042313118, 0.0021156559, 0.00070521864], 
  [0.006346968, 0.014104373, 0.023977434, 0.017630465, 0.012693936, 0.016220029, 0.014809592, 0.006346968, 0.01551481, 0.0098730605, 0.0070521864, 0.0077574048, 0.0042313118, 0.0042313118, 0.0049365303, 0.0049365303, 0.0028208746, 0.0028208746, 0.0014104373, 0], 
  [0.0021156559, 0.011988717, 0.016220029, 0.011283498, 0.026798308, 0.017630465, 0.018335685, 0.013399154, 0.0098730605, 0.0070521864, 0.0035260932, 0.0042313118, 0.0035260932, 0.0021156559, 0.0021156559, 0, 0.0014104373, 0, 0, 0], 
  [0.0035260932, 0.010578279, 0.023977434, 0.021861779, 0.018335685, 0.01551481, 0.016220029, 0.014104373, 0.0084626237, 0.0042313118, 0.006346968, 0.0014104373, 0.0028208746, 0.0056417491, 0.0028208746, 0.00070521864, 0.0014104373, 0.00070521864, 0, 0], 
  [0.010578279, 0.010578279, 0.019040903, 0.018335685, 0.013399154, 0.016220029, 0.0091678426, 0.0098730605, 0.01551481, 0.0077574048, 0.019746121, 0.031029619, 0.040197462, 0.040902682, 0.020451341, 0.0070521864, 0.0028208746, 0, 0, 0], 
  [0.00070521864, 0.01551481, 0.013399154, 0.023977434, 0.013399154, 0.019746121, 0.013399154, 0.024682652, 0.022566997, 0.040902682, 0.076868832, 0.22425953, 0.3363893, 0.348378, 0.19746122, 0.0098730605, 0.00070521864, 0, 0, 0], 
  [0.0056417491, 0.011988717, 0.023977434, 0.021861779, 0.021156559, 0.020451341, 0.016925247, 0.031734839, 0.050775744, 0.083215803, 0.15796897, 0.48871651, 0.8462624, 0.95416081, 0.62693936, 0.076163612, 0.0049365303, 0.00070521864, 0, 0], 
  [0.0021156559, 0.0077574048, 0.014104373, 0.024682652, 0.014809592, 0.017630465, 0.021861779, 0.024682652, 0.055007055, 0.10507758, 0.1551481, 0.33921015, 0.48307475, 0.5183357, 0.29266575, 0.040902682, 0.0028208746, 0.00070521864, 0, 0], 
  [0.0077574048, 0.021156559, 0.023272214, 0.031734839, 0.021861779, 0.023272214, 0.019746121, 0.029619183, 0.038787026, 0.038787026, 0.061354022, 0.078279272, 0.10719323, 0.082510583, 0.048660085, 0.030324401, 0.012693936, 0.0035260932, 0.0014104373, 0], 
  [0.0070521864, 0.024682652, 0.045133993, 0.05148096, 0.039492242, 0.034555715, 0.031029619, 0.048660085, 0.030324401, 0.019040903, 0.028913964, 0.024682652, 0.024682652, 0.019040903, 0.0084626237, 0.012693936, 0.0098730605, 0.0098730605, 0.0098730605, 0], 
  [0.00070521864, 0.023272214, 0.11636107, 0.21791255, 0.41255289, 0.49647391, 0.42877293, 0.22355431, 0.10437236, 0.03667137, 0.017630465, 0.0091678426, 0.006346968, 0.0077574048, 0.0056417491, 0.0028208746, 0.0056417491, 0.0014104373, 0.0021156559, 0.00070521864], 
  [0.017630465, 0.033850495, 0.11212976, 0.34626237, 0.69393516, 1, 0.60719323, 0.22778562, 0.060648803, 0.010578279, 0.006346968, 0.0056417491, 0.0042313118, 0.0042313118, 0.0028208746, 0.0021156559, 0.0014104373, 0.0021156559, 0.0035260932, 0], 
  [0.0021156559, 0.040902682, 0.10084627, 0.17771509, 0.17912553, 0.19605078, 0.097320169, 0.028208746, 0.0098730605, 0.014809592, 0.0042313118, 0.0056417491, 0.0035260932, 0.0049365303, 0.0035260932, 0.0021156559, 0.0021156559, 0.0021156559, 0.0014104373, 0.0014104373], 
  [0.0070521864, 0.03667137, 0.0528914, 0.078279272, 0.038787026, 0.021861779, 0.006346968, 0.0091678426, 0.0070521864, 0.0028208746, 0.0042313118, 0.0028208746, 0.0070521864, 0.0042313118, 0.0014104373, 0.0014104373, 0.0014104373, 0, 0, 0], 
  [0.0084626237, 0.018335685, 0.022566997, 0.011988717, 0.0084626237, 0.01551481, 0.0042313118, 0.0070521864, 0.0035260932, 0.0042313118, 0.0049365303, 0.0056417491, 0.0049365303, 0.0014104373, 0.0035260932, 0, 0.0014104373, 0.00070521864, 0.0014104373, 0], 
  [0.006346968, 0.017630465, 0.029619183, 0.020451341, 0.014809592, 0.0077574048, 0.011283498, 0.0084626237, 0.011283498, 0.0084626237, 0.0056417491, 0.0084626237, 0.0049365303, 0.0014104373, 0.0049365303, 0.00070521864, 0.00070521864, 0.0014104373, 0.00070521864, 0], 
  [0.01551481, 0.031734839, 0.028913964, 0.019746121, 0.01551481, 0.033145275, 0.023977434, 0.02609309, 0.034555715, 0.013399154, 0.014104373, 0.0091678426, 0.0021156559, 0.0021156559, 0.0021156559, 0.0028208746, 0.00070521864, 0, 0.0014104373, 0], 
  [0.011283498, 0.022566997, 0.017630465, 0.031029619, 0.043018337, 0.098730609, 0.092383645, 0.12200283, 0.098730609, 0.057122711, 0.022566997, 0.0084626237, 0.0049365303, 0.0035260932, 0.0042313118, 0.0014104373, 0.0028208746, 0.0021156559, 0, 0]]