2.954907,0.071271
2.964354,0.046427
2.969078,0.037631
2.950676,-0.011939
1.568479,-0.082469
1.570379,-0.051284
1.444515,-0.076728
1.448867,-0.068246
1.458484,-0.029882
1.446138,0.025999
1.485767,0.063524
2.938265,-0.064158
1.438945,-0.088036
1.442388,-0.072828
1.443520,-0.064797
1.448227,-0.066026
1.443269,-0.064843
1.436079,-0.066972
1.442959,-0.065939
1.437801,-0.021486
1.443352,0.001865
1.486194,0.013703
1.490836,0.004656
1.568258,-0.024333
1.582815,-0.025450
1.589423,-0.024068
1.575921,-0.026872
1.506375,-0.058525
1.443970,-0.069195
1.439359,-0.045194
1.439297,-0.043952
1.440077,-0.071282
1.444239,-0.059136
1.444350,-0.056916
1.438136,-0.059070
1.438136,-0.059070
1.437904,-0.054306
1.441268,-0.004264
1.490954,0.013538
2.985582,0.046754
2.986849,0.042051
2.986521,-0.046646
2.957528,-0.041982
1.457076,-0.084494
1.441763,-0.057583
1.438102,-0.047938
1.442725,-0.052818
1.436454,-0.053953
1.442290,-0.054045
1.442290,-0.054045
1.443437,-0.026083
1.452493,0.047371
3.003228,0.087345
3.001709,0.048514
2.918245,-0.075415
1.445451,-0.089956
1.436342,-0.053135
1.436728,-0.051891
1.435957,-0.054379
1.436979,-0.049498
1.442378,-0.053173
1.436853,-0.050694
1.437307,-0.032128
1.443599,0.004595
1.446457,0.025316
2.987536,0.033875
2.987536,0.033875
2.987536,0.033875
2.987536,0.033875
2.988062,0.031441
2.988169,0.023020
1.457125,-0.044255
1.438892,-0.089174
1.440985,-0.066940
1.440461,-0.068112
1.440461,-0.068112
1.441256,-0.065814
1.440715,-0.068065
1.440985,-0.066940
1.440461,-0.068112
2.975401,0.304097
1.437085,0.023892
1.453664,0.016151
1.591973,-0.011778
2.977693,0.029547
2.977728,0.027048
3.002514,0.027630
2.978247,0.027145
2.956064,0.024560
2.980976,0.014854
1.442385,-0.068044
1.443665,-0.058282
1.443678,-0.057047
1.438016,-0.054487
1.443703,-0.054576
1.443172,-0.057390
1.562434,0.011145
2.989796,0.033576
3.012982,0.038939
2.990960,0.028791
