face positions
0.007292,0.134331
0.008252,0.135291
0.009211,0.136250
0.008252,0.137210
0.007292,0.138169
0.006333,0.137210
0.006333,0.137210
0.006333,0.137210
0.006333,0.137210
0.006333,0.137210
0.004414,0.133372
0.005339,0.131573
0.004374,0.134066
0.005325,0.135017
0.002472,0.135968
0.002463,0.135471
0.004358,0.135471
0.003410,0.136419
0.003410,0.136419
0.002463,0.137366
0.003410,0.138313
0.003410,0.138313
0.002463,0.137366
0.001516,0.138313
0.002463,0.137366
-0.173349,0.135778
0.602076,-0.329522
-0.418097,0.124290
-0.137464,0.138956
0.136987,0.146840
0.442087,0.145673
0.376925,0.158823
0.027020,0.142657
-0.264607,0.140434
0.145440,-0.315684
-0.270613,0.145659
0.011871,0.144148
0.330881,0.141962
0.184300,0.129182
-0.150100,0.118108
-0.407239,0.114276
-0.356514,-0.301583
-0.427263,-0.296277
0.158059,-0.337900
-0.316138,0.127577
0.001488,0.139498
0.168885,0.158097
-0.068157,0.153903
-0.351159,0.151082
-0.398581,0.119471
-0.074994,0.140959
0.323588,0.157141

