1.182185,0.008244
1.142077,0.004075
1.142374,0.003233
1.151336,-0.001458
1.208751,0.002211
1.212474,0.001471
1.217269,0.000762
1.208355,-0.011747
1.135315,-0.008165
1.106307,-0.014180
1.104499,-0.021236
1.093606,-0.031951
1.093375,-0.030056
1.093259,-0.029109
1.126201,-0.026644
1.093460,-0.029071
1.093289,-0.031041
1.093259,-0.029109
1.093072,-0.033987
1.076596,-0.046079
1.074455,-0.044329
1.074687,-0.043512
1.074500,-0.043547
1.071518,-0.043507
1.073850,-0.045216
1.071332,-0.043542
1.100928,-0.018430
1.071824,-0.025394
1.085628,-0.042355
1.129253,-0.027298
1.133865,-0.013593
1.132539,-0.002565
1.166913,0.000397
1.167004,-0.000517
1.159879,-0.001651
1.160165,-0.002522
1.159594,-0.000779
1.162770,-0.000667
1.163056,-0.001541
1.092675,-0.022749
1.070508,-0.044955
1.099742,-0.038840
1.070277,-0.045770
1.070694,-0.044920
1.070508,-0.044955
1.069860,-0.046619
1.097049,-0.037968
1.070508,-0.044955
1.097481,-0.037087
1.070925,-0.044106
1.100130,-0.038768
1.073442,-0.045781
1.064055,-0.031439
1.086339,-0.039101
1.120534,-0.016969
1.260075,0.012959
1.116793,-0.015550
1.090597,-0.018497
1.085652,-0.039096
1.112895,-0.016260
1.265862,0.013746
1.091312,-0.025088
1.068261,-0.048767
1.071705,-0.048758
1.068722,-0.047967
1.080754,-0.020173
1.103015,-0.012180
1.105468,-0.001454
1.166011,0.001155
1.158527,0.004628
1.155664,0.003588
1.166011,0.001155
1.104341,-0.018525
1.074743,-0.039744
1.074976,-0.038930
1.074557,-0.039778
1.074560,-0.039657
1.091334,-0.049159
1.091593,-0.030508
1.125803,-0.012491
1.166238,0.005483
1.160313,0.002583
1.163360,0.005826
1.117428,0.000912
1.093445,-0.032625
1.094394,-0.018713
1.074515,-0.041043
1.073786,-0.037940
1.073126,-0.039592
1.074669,-0.027320
1.094995,-0.037264
1.134396,-0.006148
1.171249,0.001745
1.167489,0.000752
1.167000,0.001587
1.170172,0.004332
1.170466,0.003458
1.143996,0.010448
1.108616,-0.021728
1.077739,-0.032385
1.070091,-0.041504
1.071261,-0.039104
1.067467,-0.039210
1.069996,-0.040793
1.070351,-0.039272
1.097399,-0.035965
1.070082,-0.040050
1.070264,-0.040016
1.069363,-0.041638

