-0.139137,0.119015
-0.125470,0.120025
-0.122995,0.120025
-0.123709,0.120752
-0.123709,0.120752
-0.037616,0.126212
0.126875,0.129932
-0.237069,0.125681
-0.168067,0.123217
0.129272,0.127275
0.592664,0.119099
0.017253,0.129401
-0.260605,0.125149
-0.625561,0.107477
-0.172265,0.120242
0.077185,0.132819
0.569080,0.119099
-0.055633,0.127807
-0.432863,0.121164
-0.482763,0.119099
-0.049990,0.118788
0.042276,0.130854
-0.328989,0.120007
1.406583,-0.406187
1.397925,-0.409639
-0.326751,0.124175
0.028200,0.131018
0.069957,0.128338
-0.121758,0.123738
-0.121758,0.123738
-0.121758,0.123738
-0.119283,0.128687
0.104751,0.127807
0.105187,0.128338
0.105187,0.128338
0.197400,0.129401
-0.251682,0.122500
-0.621406,0.110886
-0.291446,0.118088
0.135511,0.126027
-0.987548,0.520580
0.419609,0.120789
0.420560,0.120309
0.420922,0.111598
0.422235,0.112911
0.420560,0.112463
0.359655,0.116530
0.073426,0.106505
-0.293780,0.102594
-0.606991,0.092036
-0.612346,0.088362
-0.612535,0.090927
-0.610137,0.090571
-0.610137,0.090571
-0.610137,0.090571
-0.611426,0.089818
-0.610137,0.092780
-0.610137,0.090571
-0.610420,0.090286
-0.449746,0.102590
0.022918,0.099805
0.434189,0.106571
