1.101083,0.019498
1.103707,-0.003263
1.150021,0.026279
1.156258,0.020616
1.153679,0.018726
1.159669,0.026483
1.100570,0.004356
1.100190,-0.014842
1.081466,-0.030678
1.080885,-0.031590
1.093207,-0.028031
1.099376,-0.007400
1.116138,-0.011056
1.146708,0.018533
1.167346,0.023711
1.160642,0.015100
1.203891,0.019953
1.164377,0.016145
1.128611,0.011264
1.094517,-0.026580
1.081789,-0.030703
1.082018,-0.029882
1.079482,-0.028246
1.079482,-0.028238
1.093219,-0.013334
1.115083,-0.021492
1.162862,0.012113
1.157040,0.010975
1.162582,0.013000
1.157318,0.010093
1.159714,0.011967
1.133489,-0.008670
1.076618,-0.030147
1.078968,-0.031828
1.075797,-0.031857
1.075718,-0.028985
1.077358,-0.004019
1.078581,-0.003743
1.095773,-0.014149
1.169330,0.019072
1.165884,0.017152
1.163989,0.014467
1.170400,0.018084
1.166977,0.014727
1.090671,-0.024670
1.077741,-0.029082
1.077741,-0.029082
1.078151,-0.028227
1.077110,-0.030759
1.077332,-0.029938
1.094907,-0.033828
1.091972,-0.021770
1.148891,0.013684
1.171700,0.015617
1.171999,0.014742
1.166455,0.010110
1.169612,0.012880
1.171700,0.015617
1.169212,0.014661
1.226655,0.020069
1.103570,-0.009134
1.080487,-0.035324
1.081294,-0.033591
1.082127,-0.031061
1.081300,-0.033567
1.095449,-0.036750
1.113306,-0.003250
1.157453,0.012317
1.163834,0.014385
1.203730,0.006225
1.102368,-0.007913
1.085976,-0.034216
1.086946,-0.038686
1.087543,-0.036957
1.087505,-0.038256
1.099692,-0.046647
1.134374,-0.015510
1.170480,0.013134
1.176388,0.020508
1.170980,0.012305

