0.193045,0.163373
0.193928,0.164256
0.200992,0.164256
0.205952,0.165920
0.199513,0.171443
-0.024268,0.170940
-0.259492,0.168283
-0.285722,0.166894
-0.213082,0.173597
0.041581,0.172962
0.069327,0.177671
-0.002090,0.175930
-0.221762,0.173914
-0.291619,0.172125
0.017941,0.178542
0.212394,0.179745
0.369257,0.178455
0.361911,0.182398
0.157763,0.190097
-0.123398,0.178127
-0.353733,0.170280
-0.148762,0.177588
0.105589,0.178877
0.406480,0.194125
0.225972,0.188454
0.228382,0.187298
0.119563,0.188185
-0.143190,0.182430
-0.329141,0.177804
-0.338399,0.177088
-0.337594,0.176283
-0.339204,0.177893
-0.263202,0.178019
0.003970,0.180393
0.280479,0.187213
0.238444,0.186692
-0.085188,0.180072
-0.281450,0.179949

