0.034520,0.365716
0.034669,0.367295
-0.034761,0.120520
-0.034761,0.120520
-0.030828,0.118762
-0.029564,0.120025
-0.030955,0.119252
-0.030955,0.119252
-0.010569,0.123305
0.393318,0.119530
0.013503,0.126111
-0.471748,0.110957
-0.208009,0.118046
0.013448,0.123058
-0.424134,0.117077
0.469200,-0.348580
0.471967,-0.345814
0.733580,-0.378303
-0.616022,0.104658
-0.229133,0.124259
-0.135826,0.120288
-0.138332,0.122794
-0.139585,0.124048
-0.003020,0.125822
0.156272,0.128513
0.162722,0.129555
0.163983,0.128513
0.013392,0.125079
-0.130814,0.125301
-0.130814,0.125301
-0.131358,0.125822
-0.132067,0.124048
0.070920,0.126554
-0.040162,0.126626
-0.446661,0.116656
-0.320726,0.131284
0.142848,0.125595
0.173440,0.127906
0.170882,0.127906
0.080354,0.126343
-0.186421,0.123532
-0.186421,0.123532
-0.186421,0.123532
0.003258,0.126554
0.084491,0.128132
0.084491,0.130669
0.094586,0.131084
-0.418099,0.120698
-0.578581,0.117001
-0.178934,0.118541
-0.191412,0.126027
-0.191412,0.126027
0.097177,0.128132
0.173440,0.133022
0.170882,0.130464
0.054266,0.128658
-0.239308,0.124975
-0.240546,0.123738
-0.239308,0.122500
0.015919,0.117499
0.054044,0.128132
0.051507,0.128132
0.182176,0.131938
0.669877,0.118573
-0.134812,0.129185
-0.600389,0.113130
-0.307230,0.120242
0.122047,0.140240
-0.488230,0.529229
-0.131716,0.128658
-0.612524,0.109860

