1.485531,-0.011516
1.489770,0.033476
1.515157,0.037086
2.983244,0.042446
1.599745,-0.074747
1.465051,-0.096098
1.455951,-0.081180
1.466002,-0.067167
1.465395,-0.068290
1.474844,0.007697
1.457314,0.039140
1.512180,-0.002343
3.002315,0.045814
1.482977,-0.072733
1.460550,-0.071113
1.463822,-0.061005
1.458409,-0.017944
1.458112,0.040930
1.459141,0.008369
1.604564,0.004260
1.583455,0.002307
1.610642,0.007048
1.599304,-0.053655
1.461037,-0.082966
1.456383,-0.072350
1.458336,-0.066394
1.459042,-0.062907
1.457638,-0.005912
1.457794,0.021004
1.478198,-0.020989
1.482968,-0.015850
1.482944,-0.014540
1.482674,-0.014589
1.476758,-0.016016
1.482650,-0.013279
1.482404,-0.014639
1.481456,-0.058128
1.456152,-0.083304
1.450912,-0.051768
1.450547,-0.053033
1.450547,-0.053033
1.451014,-0.050551
1.450649,-0.051816
1.456829,-0.024343
1.482613,0.010933
1.479748,-0.003440
1.498109,-0.009555
1.497730,-0.008308
1.498109,-0.009555
1.498000,-0.008258
1.492336,-0.012279
1.498218,-0.010852
1.498109,-0.009555
1.492336,-0.012279
1.492336,-0.012279
1.458086,-0.071805
1.452329,-0.085035
1.458093,-0.072095
1.451740,-0.062266
1.452446,-0.055896
1.474042,0.008111
1.487901,0.020963
3.094566,-0.160281
2.276269,0.043293
1.589675,-0.033937
1.463218,-0.077129
1.455422,-0.089763
1.438388,-0.063554
1.445099,-0.063610
1.438027,-0.064599
1.443331,-0.037552
1.472300,0.012380
1.494588,0.006644
2.994014,0.035971
2.988571,0.047150
1.597882,-0.000487
3.016046,0.038647
2.991122,0.040310
2.989931,0.042527
2.965703,0.041842
2.991292,0.037904

