0.018010603, 0.024722883, 0.039159268, 0.05442635, 0.063249819, 0.065290928, 0.061676383, 0.0547738, 0.047778849, 0.040459506, 0.031763706, 0.023395864, 0.017981442, 0.013297116, 0.0099352412, 0.007701376, 0.0056764442, 0.0036494075, 0.0026043281, 0.0022975218, 
  0.016235868, 0.022138765, 0.034797419, 0.048150346, 0.05587443, 0.057760891, 0.054706872, 0.048737857, 0.042701442, 0.036228966, 0.028483931, 0.020979162, 0.016083159, 0.011867038, 0.0089014657, 0.0069164396, 0.0051593501, 0.0033482104, 0.0023452165, 0.002030547, 
  0.01135884, 0.015330647, 0.024033174, 0.033232931, 0.038422614, 0.039247219, 0.036558084, 0.031817716, 0.027404245, 0.023097148, 0.018472372, 0.013870566, 0.010918705, 0.0082232356, 0.0063323742, 0.0049258927, 0.0037758427, 0.0025069823, 0.0017897469, 0.0015272396, 
  0.0060698316, 0.0070172264, 0.008905611, 0.010758848, 0.011733046, 0.011952786, 0.012348529, 0.012477714, 0.012353985, 0.011186386, 0.0095050996, 0.0072943191, 0.0058086547, 0.0042387256, 0.0032448098, 0.0025018984, 0.0019815271, 0.0012869224, 0.00087164779, 0.0007190645, 
  0.0025647932, 0.0027542908, 0.0033328456, 0.0038847041, 0.0040309071, 0.0036135418, 0.0031905386, 0.0026070208, 0.0023291714, 0.002065673, 0.0021681692, 0.0019491664, 0.0018565496, 0.0015228636, 0.0013351977, 0.0010528576, 0.00093731523, 0.00067725865, 0.0005117032, 0.00041550299, 
  0.0013244743, 0.0012899705, 0.0012786277, 0.0011785574, 0.0010384129, 0.00083760457, 0.00068853039, 0.00048657478, 0.00049492239, 0.00043914764, 0.00053496409, 0.00050184003, 0.00050880475, 0.00041336386, 0.00042669277, 0.00037473423, 0.00039652485, 0.00031084038, 0.00025150349, 0.00018848343, 
  0.0010497567, 0.0010373003, 0.0009785319, 0.0008687657, 0.00071628665, 0.00055214413, 0.00040415302, 0.00024874567, 0.00021488413, 0.00013449673, 0.00013213039, 9.8135744e-05, 0.00012706219, 0.000107138, 0.00013131271, 0.00013905305, 0.0001584131, 0.00012450917, 0.00014982124, 0.00013355743, 
  0.00095637602, 0.00098249549, 0.00087025407, 0.00080806314, 0.00064980815, 0.00057175127, 0.00043149677, 0.00034327823, 0.00029776391, 0.00023393858, 0.00017904471, 0.00011876084, 7.3010277e-05, 4.6829227e-05, 6.5159678e-05, 7.1770046e-05, 8.3611783e-05, 6.9273505e-05, 8.7121065e-05, 7.0013106e-05, 
  0.0010557041, 0.0011487682, 0.0010395057, 0.0010986627, 0.00099762517, 0.0010141144, 0.00084017136, 0.00073638896, 0.00057390262, 0.000496372, 0.00037695951, 0.00028112007, 0.00017599943, 0.00012487608, 7.7382443e-05, 5.7570651e-05, 4.2463624e-05, 1.4565507e-05, 1.4496429e-05, 0, 
  0.0013329367, 0.0015235434, 0.0014895421, 0.00186683, 0.0023596818, 0.0030365367, 0.0038619561, 0.0046959184, 0.0052140513, 0.0052567688, 0.0047302488, 0.0035856522, 0.0024781041, 0.0014525428, 0.00079878117, 0.00052096939, 0.00032449217, 0.00014846989, 7.2844385e-05, 3.5948906e-05, 
  0.0014122234, 0.0017317684, 0.0021042381, 0.0035156466, 0.0092171216, 0.046306621, 0.11515949, 0.20383132, 0.24675255, 0.23949152, 0.17644843, 0.095976457, 0.028960885, 0.01077015, 0.004569144, 0.0022226311, 0.0010812212, 0.00046266627, 0.00021319806, 0.00012523441, 
  0.0014350513, 0.0018802863, 0.0026382818, 0.0048249979, 0.013381038, 0.06756369, 0.16812378, 0.29743901, 0.36010468, 0.34973118, 0.25802815, 0.14087546, 0.043227669, 0.016561037, 0.0072359866, 0.0036048747, 0.0017536442, 0.00077926391, 0.00036479492, 0.00021805377, 
  0.0015793432, 0.0020204573, 0.0030192551, 0.0055831475, 0.015438473, 0.076924354, 0.19100557, 0.33759803, 0.40868357, 0.39696541, 0.29327774, 0.16083704, 0.050291318, 0.020033842, 0.0092870062, 0.004861977, 0.0025040959, 0.0013447978, 0.00086079916, 0.00065981469, 
  0.0020652735, 0.002430937, 0.0033560628, 0.0057658404, 0.014692714, 0.069503963, 0.1710051, 0.3011823, 0.36483485, 0.35537931, 0.26468456, 0.14801227, 0.050017923, 0.022197803, 0.011372137, 0.0062944698, 0.0036000332, 0.0022529508, 0.0016600307, 0.0013985843, 
  0.0034835658, 0.0036983415, 0.0043582399, 0.0059798695, 0.012409284, 0.052392088, 0.12727365, 0.22573936, 0.28236663, 0.29216504, 0.24042524, 0.16008392, 0.082564972, 0.047367584, 0.023194432, 0.01010849, 0.0051865252, 0.0032355406, 0.0023712127, 0.0019325165, 
  0.0060449573, 0.0060340692, 0.0062493049, 0.0066116988, 0.0080719758, 0.01376441, 0.026628332, 0.049169477, 0.085658297, 0.14001079, 0.1939179, 0.22761317, 0.2258551, 0.18623799, 0.12331431, 0.066156313, 0.028074481, 0.0098096794, 0.0043245321, 0.003150047, 
  0.009786075, 0.010581552, 0.012191198, 0.013545815, 0.014879402, 0.020077322, 0.033569627, 0.060708184, 0.10933548, 0.19006619, 0.28976357, 0.39711925, 0.48784655, 0.49452293, 0.41308278, 0.28656799, 0.15194087, 0.047257669, 0.010306537, 0.0056322995, 
  0.019920422, 0.026908441, 0.042303503, 0.054147314, 0.058244407, 0.056913793, 0.05790247, 0.073201396, 0.11789034, 0.20347366, 0.32005346, 0.4614186, 0.59987539, 0.63501555, 0.55160409, 0.39609304, 0.21624222, 0.06900467, 0.015610092, 0.0085782371, 
  0.025954481, 0.036679361, 0.059989609, 0.078218013, 0.083876856, 0.077609874, 0.068776242, 0.073158666, 0.10918948, 0.19207415, 0.32725573, 0.53082985, 0.7766605, 0.88921183, 0.82228214, 0.62069541, 0.35025361, 0.11074054, 0.022367401, 0.011418231, 
  0.028166637, 0.040212307, 0.06651897, 0.087159149, 0.09324795, 0.084222592, 0.070004523, 0.067697115, 0.099753976, 0.18551746, 0.33873123, 0.57743138, 0.86480337, 0.99999994, 0.92912799, 0.70027161, 0.39262834, 0.12360317, 0.024922833, 0.012780274